# This file may be used to create an environment using:
# $ conda create --name <env> --file <this file>
# platform: win-64
arviz=0.10.0=py_0
bzip2=1.0.8=h8ffe710_4
ca-certificates=2020.12.5=h5b45459_0
certifi=2020.12.5=py36ha15d459_0
cftime=1.3.0=py36h6434af4_0
convertdate=2.1.3=py_1000
curl=7.71.1=h4b64cdc_8
cycler=0.10.0=py_2
cython=0.29.21=py36h33355b6_1
ephem=3.7.7.1=py36h779f372_1
fbprophet=0.7.1=py36h003fed8_0
freetype=2.10.4=h546665d_0
hdf4=4.2.13=h0e5069d_1004
hdf5=1.10.6=nompi_h5268f04_1112
holidays=0.10.4=pyhd8ed1ab_0
intel-openmp=2020.3=h57928b3_311
jpeg=9d=h8ffe710_0
kiwisolver=1.3.1=py36he95197e_0
korean_lunar_calendar=0.2.1=pyh9f0ad1d_0
krb5=1.17.2=hbae68bd_0
libblas=3.8.0=21_mkl
libcblas=3.8.0=21_mkl
libcurl=7.71.1=h4b64cdc_8
liblapack=3.8.0=21_mkl
libnetcdf=4.7.4=nompi_h2ee746f_106
libpng=1.6.37=h1d00b33_2
libpython=2.0=py36h9f0ad1d_1
libssh2=1.9.0=hb06d900_5
libtiff=4.1.0=hc10be44_6
lunarcalendar=0.0.9=py_0
lz4-c=1.9.2=h62dcd97_2
m2w64-binutils=2.25.1=5
m2w64-bzip2=1.0.6=6
m2w64-crt-git=5.0.0.4636.2595836=2
m2w64-gcc=5.3.0=6
m2w64-gcc-ada=5.3.0=6
m2w64-gcc-fortran=5.3.0=6
m2w64-gcc-libgfortran=5.3.0=6
m2w64-gcc-libs=5.3.0=7
m2w64-gcc-libs-core=5.3.0=7
m2w64-gcc-objc=5.3.0=6
m2w64-gmp=6.1.0=2
m2w64-headers-git=5.0.0.4636.c0ad18a=2
m2w64-isl=0.16.1=2
m2w64-libiconv=1.14=6
m2w64-libmangle-git=5.0.0.4509.2e5a9a2=2
m2w64-libwinpthread-git=5.0.0.4634.697f757=2
m2w64-make=4.1.2351.a80a8b8=2
m2w64-mpc=1.0.3=3
m2w64-mpfr=3.1.4=4
m2w64-pkg-config=0.29.1=2
m2w64-toolchain=5.3.0=7
m2w64-toolchain_win-64=2.4.0=0
m2w64-tools-git=5.0.0.4592.90b8472=2
m2w64-windows-default-manifest=6.4=3
m2w64-winpthreads-git=5.0.0.4634.697f757=2
m2w64-zlib=1.2.8=10
matplotlib-base=3.3.3=py36h1abdf75_0
mkl=2020.4=hb70f87d_311
msys2-conda-epoch=20160418=1
netcdf4=1.5.5=nompi_py36h694ea1f_100
numpy=1.19.4=py36hd1b969e_1
olefile=0.46=pyh9f0ad1d_1
openssl=1.1.1h=he774522_0
packaging=20.7=pyhd3deb0d_0
pandas=1.1.5=py36he38d939_0
pillow=8.0.1=py36ha0524ae_0
pip=20.3.1=pyhd8ed1ab_0
plotly=4.14.1=pyhd3deb0d_0
pyparsing=2.4.7=pyh9f0ad1d_0
pystan=2.19.1.1=py36h12199cf_1
python=3.6.9=he025d50_0_cpython
python-dateutil=2.8.1=py_0
python_abi=3.6=1_cp36m
pytz=2019.3=py_0
retrying=1.3.3=py_2
scipy=1.5.3=py36h7ff6e69_0
setuptools=49.6.0=py36hd36e781_2
six=1.15.0=pyh9f0ad1d_0
tk=8.6.10=he774522_1
tornado=6.1=py36h68aa20f_0
tqdm=4.54.1=pyhd8ed1ab_0
vc=14.1=h869be7e_1
vs2015_runtime=14.16.27012=h30e32a0_2
wheel=0.36.1=pyhd3deb0d_0
wincertstore=0.2=py36h9f0ad1d_1005
xarray=0.16.2=pyhd8ed1ab_0
xz=5.2.5=h62dcd97_1
zlib=1.2.11=h62dcd97_1010
zstd=1.4.5=h1f3a1b7_2
